1465366
1321808
1410082
1892781
1482582
1522743
2345303
2879279
1316313
1888393
1924009
1398779
1881095
1595917
1236582
1826154
243766
1943652
1815793
2000321
2798564
1790659
1265267
1291074
1332329
2150519
1838160
2232581
1718815
2774308
1727598
1789898
1662164
1792654
1944935
1537169
1657270
2103721
1900866
1367334
1320318
1422918
1709385
1497019
1370360
2676517
1842562
2145276
1437231
1296802
1401172
2015260
1397491
1328507
2543408
2035423
1408773
2411014
1388427
1179941
2501350
1733982
1761521
2420558
2386668
1698031
3435417
1771862
1648491
1700023
1626663
1541059
2157830
1604135
1381875
1189681
2655379
1521137
1977497
1471374
1603236
2096829
1823811
1492395
1697843
1519212
1870638
1471950
1408464
5620876
3645313
2091668
1442368
1553849
1671322
2307314
1345555
1680725
1983329
1564983
2096900
1262857
1245214
1971726
1857926
1514241
2083324
2312483
1984546
1488219
1581659
1647474
2421551
2303096
1962686
1820479
1371021
1993365
1829368
1817097
1478510
1295793
1584517
2056832
1791527
1898643
1274621
1713035
1167831
1500458
1765315
1330710
1314744
2312790
1913842
1909453
1478557
1679033
1675221
1360046
1456292
1564562
2816991
1583315
1529023
1501913
1511444
1200344
2075021
1274479
1360286
1957095
1594065
1599404
1174935
1328700
2074825
2593863
1380036
1579398
3460761
1930096
2029655
1417320
1490422
2141321
1415940
1598145
1348501
2393028
1712955
1402088
1550184
1467608
2528148
1589721
1815479
1305917
2429541
1747219
1264484
1388765
1286357
2047256
1763718
1056286
1401984
3395551
1532586
1343923
1365109
1326524
1941832
1661013
1375893
2223880
1237278
1837270
1291741
1138468
1256833
2695793
2222077
2076716
1536188
1770506
1704906
1382175
1413069
2125707
1934678
1928187
1871412
2035466
2578992
1292016
1999328
2232896
1509676
1181088
1548921
1259465
1102747
1728355
1431994
1538806
1374139
1423946
1354407
1488109
1216552
1224027
1710484
1144805
1401738
1368929
1316945
1718108
1200818
1062850
1181630
1451395
1125459
1184386
1430611
1162284
1563316
1321669
1096236
7342750
1199034
1323738
2047599
1442417
1512352
1357805
1428229
1239176
1810529
1333172
1526445
1322803
1388578
1617531
1237967
1158664
1607958
1183410
1749748
1328499
1215745
1212884
1184886
1092716
1319648
1588452
1021061
1169023
1639475
1101313
1444922
2523837
1717722
1826288
1308307
1691560
1824932
1703442
1317260
1134171
1264094
2521322
1097467
1220919
1193520
988206
2160963
1347109
1270759
1390588
1390066
1226667
1178037
981226
1094154
1567882
1965457
1304502
2491637
1526042
1205686
1830610
1871451
1509376
1688656
1326369
1850178
28830
1297869
1101906
1149325
1227902
1061961
1622434
1982967
1421875
2095393
2188356
2941567
1869504
1400880
2739611
2932680
1991569
2065627
1576661
1714182
1481946
1534772
1802296
1402946
1842896
2046130
1449836
1529803
3254370
3189138
1604506
1657729
1533326
1444018
1241660
1892105
3036612
3367046
2013272
1391697
2632005
1168120
1413481
1085639
1014870
1527961
2119446
1255312
1199412
1070554
1062951
1715308
1393012
1522315
2483978
1434046
2038957
1608608
2416102
1367856
1469195
1102054
1470294
4893121
1820144
1270939
1146258
1116160
1564342
1329427
1420808
6718458
1533942
1120325
1145428
1242586
1219825
1531562
1232909
1715787
2140635
2087166
1173988
1544923
2270789
3673114
4910758
4936991
2986402
1985516
2319395
5548537
1398012
2414509
2767876
2788403
4700778
3537358
2358071
2460996
25727870
1576609
3085763
5923519
4172460
5787958
2510186
2022046
1484456
3920108
2203948
2259007
3815186
5353289
1636909
1811822
2298084
1642124
11810601
2540699
3394338
5632085
3139259
4160481
1872144
2294170
4520317
2223698
2032417
3337479
3180162
4736698
3776214
4479748
3658154
3635133
2873066
5638415
9781353
1538778
493205
423766
291719
1165386
2678549
1328690
1089774
1649653
1664745
2707554
2887832
1630607
2491647
1666623
1841435
1101739
1072155
1413520
1586906
1497399
1381251
1987717
2117302
1539709
1340503
1159836
1233467
1747777
1775270
1168230
2212537
3665338
1456497
1155873
1839552
4808909
1902163
1593421
1377209
1245773
1428374
1607217
2068913
1606889
1675073
1291317
1578509
1551763
1772802
1386924
1279396
1492543
1612431
1233321
1185464
1528230
2286767
1284854
2213357
1170921
1288299
1881312
1344042
1434910
1200518
1647520
1861035
1449118
2697576
1361849
1358438
1351569
1461620
1311247
1672081
1079842
1300661
1391081
1917565
2211227
1145560
1814129
1428745
1627809
2566497
2120123
1734140
2666068
1728638
2769831
1581090
1890980
2475612
2055803
1144976
1516235
2154291
1877136
1622353
1190824
1709874
1075903
2050021
1048820
2086296
1682854
2322537
1296124
1448889
1658323
1352934
1580526
2224583
1525111
1701413
1328912
1096004
1326090
1341068
1007751
1127095
1770563
1260504
1580805
1656124
1382887
1785110
1235058
1566956
1451240
1592482
1496360
1329716
1676467
1293712
1779920
1183991
1203423
1686688
1609581
1413162
1398084
1605729
1200820
2205217
1239254
1234564
1868908
1326326
1421246
1557967
1847520
1662527
2001193
1984592
1523326
2130322
1557548
1782925
2122329
1673535
1447310
1986662
1477535
1650769
1842766
1438184
1906168
2118622
1806844
2005283
1713878
2388370
1857024
2728346
1684961
1795018
1966203
1417404
1867623
1361789
1735435
3585035
2258730
1365542
1713617
1902868
1486597
1470850
2318086
1606155
1530363
1631030
1608279
1475251
1230147
1195913
1374005
1157796
1256064
1552665
1925102
7405133
3193544
4029422
2951897
5602899
3489366
2461785
3111679
2068793
988989
6655123
828188
427717
675241
724954
2276648
1843545
2940109
666591
696510
3318654
467900
1038588
749066
3010627
1442085
2915882
685985
898599
3130628
765317
872856
734761
14991299
1815255
2665111
532738
741919
574295
3207643
5402129
4524109
3268006
3042671
5562297
3029864
5954753
2078565
3255098
5692326
6373088
1966275
2613082
7044589
2457290
4679657
4378383
4534916
6031528
3947678
3040432
6262581
9101690
2883778
3172894
5324405
2611514
2113530
4726780
7416213
9349538
2375590
3483921
299182
3627723
6689865
4286883
2444489
7992059
3232875
5675299
6191661
6960505
7230421
2693006
1875448
5536958
1997338
8663421
21881150
5291544
6271175
2482159
2284339
3381742
2323573
2317093
7189349
4142418
3900896
5946542
2387231
5752931
2462392
5537686
3215869
7247637
30165912
5823837
7817460
7070826
4249065
3278571
27855759
4346298
2615098
2912321
5222808
6897489
5428832
2930529
2552767
1086129
805557
2099120
781817
641574
809097
727687
631157
2070866
1457865
1138370
869841
674283
611881
1084997
1084044
1553427
1290550
1650298
1265494
3468317
516151
503418
1101568
3308311
785220
1111234
1342731
602370
753651
945859
902208
3131649
936082
853417
437520
2955058
1327547
1150573
22145624
2017727
1307459
920054
4440106
3025287
1367085
1613436
784604
2857178
1391812
889621
3242993
890740
2065880
1533928
2190380
3752180
2014164
1881943
1584356
2209220
1842294
3539484
3451085
1151649
1093816
2792333
875874
1197522
2275795
2820706
1942689
2493167
1108805
1531861
2624786
1348752
2863378
715437
3004108
1607364
1167975
1516956
683621
1478481
2743043
2597785
2128501
2072890
1939784
3518582
3417482
847907
1395715
1476803
3704696
390934
2549033
2661416
835640
2332089
507364
1189781
883003
1422049
566079
3704954
768376
3407522
1015405
681776
1672505
1311424
1940241
773535
977120
2313018
2368883
2148651
1572624
1599380
4785424
6813239
8571094
3132742
332737
3878119
2220303
5602320
4193563
18010747
4915800
6552689
221716
2217350
3463117
1750178
2332962
3089812
2681234
6205227
9612153
1704561
2416033
2422584
2580847
2883813
3329443
1844516
3677220
3979987
4104197
1964999
1998352
2715563
2383318
2743347
3546660
4624360
4014378
2418224
3622397
3184644
2244634
24984581
4638510
5992291
10085260
7920783
6326143
9471475
6548998
5268537
7275032
12439588
4950790
8616646
9231674
4813658
7888205
3064127
7653916
4472604
4154302
22802341
5804659
7559614
5680434
4391018
5639018
6549825
3482884
8460656
11897300
3810141
6954650
19284716
6704847
3625159
7370641
4456431
4198384
7109791
7927955
4216872
4236289
7321969
4802526
4727635
7887135
7276890
24921373
7390572
4955585
15159495
10897688
3161871
5097272
10652452
6246801
12362343
7667960
8340239
5009814
5078737
3753572
8321566
5647472
4973414
10156790
3975488
4732989
8785394
4014337
4572799
14804287
4613192
5228468
9625844
8974244
8893632
4182341
3003054
19765666
9931192
4671163
4861818
7387240
8583059
7027457
9171278
