2735510
2735510
2704782
2704782
2558822
2558822
2764418
2764418
2435371
2435371
2172431
2172431
2360590
2360590
2538558
2538558
3021417
3021417
2864111
2864111
2810569
2810569
2542196
2542196
2613632
2613632
2485072
2485072
2707315
2707315
2638788
2638788
3139744
3139744
2524421
2524421
3169872
3169872
3945298
3945298
2466998
2466998
2550344
2550344
2568122
2568122
2406025
2406025
2626001
2626001
2201952
2201952
2184955
2184955
2578798
2578798
1660695
1660695
2562982
2562982
2602199
2602199
1369746
1369746
2358708
2358708
2355238
2355238
2369250
2369250
2316121
2316121
2203505
2203505
2305333
2305333
2417398
2417398
2529897
2529897
2336714
2336714
2205883
2205883
3112779
3112779
2896855
2896855
2631497
2631497
2880547
2880547
3494039
3494039
3205629
3205629
3027240
3027240
3074430
3074430
2539979
2539979
2617368
2617368
2589317
2589317
2807237
2807237
3017666
3017666
2620998
2620998
2418857
2418857
2814590
2814590
2373843
2373843
2202624
2202624
2231610
2231610
2306027
2306027
2375948
2375948
2659887
2659887
2387651
2387651
2768918
2768918
2257520
2257520
731737
731737
2453202
2453202
3125245
3125245
4078008
4078008
3744306
3744306
3188224
3188224
3873709
3873709
2969930
2969930
2487773
2487773
2658281
2658281
2918282
2918282
3380673
3380673
2914242
2914242
3099933
3099933
3233146
3233146
2726212
2726212
2754624
2754624
3439216
3439216
2959633
2959633
2790700
2790700
2745167
2745167
3295387
3295387
2928320
2928320
2672731
2672731
2416241
2416241
2769827
2769827
2506011
2506011
2968097
2968097
2636909
2636909
2964394
2964394
3053940
3053940
3172412
3172412
3353919
3353919
3238511
3238511
3120179
3120179
3421970
3421970
3268338
3268338
3772699
3772699
3773833
3773833
3262348
3262348
3334866
3334866
3202646
3202646
3199169
3199169
3213087
3213087
2864122
2864122
3067624
3067624
3007717
3007717
3547506
3547506
2501703
2501703
2424221
2424221
2999743
2999743
2533298
2533298
3092320
3092320
3269050
3269050
3001756
3001756
2997926
2997926
2802494
2802494
2378575
2378575
2456740
2456740
2737735
2737735
3191956
3191956
2930036
2930036
3362589
3362589
3283081
3283081
3023646
3023646
2378167
2378167
2714376
2714376
2948146
2948146
2705146
2705146
3142364
3142364
2554900
2554900
3035133
3035133
3634111
3634111
3157611
3157611
2594403
2594403
2649906
2649906
2668482
2668482
2882850
2882850
2534175
2534175
2732679
2732679
2753900
2753900
2767553
2767553
4001243
4001243
3007938
3007938
2552913
2552913
3210736
3210736
3313838
3313838
3370900
3370900
3756285
3756285
3659953
3659953
3444703
3444703
3105586
3105586
3351376
3351376
3221700
3221700
3431644
3431644
2989616
2989616
3176957
3176957
3157175
3157175
3227456
3227456
2948239
2948239
2841508
2841508
2653109
2653109
3985099
3985099
4048455
4048455
2763067
2763067
3455053
3455053
2798300
2798300
2740780
2740780
2963270
2963270
2611404
2611404
3598721
3598721
3373414
3373414
3198888
3198888
2629003
2629003
2841540
2841540
2676138
2676138
3015009
3015009
2766501
2766501
3187721
3187721
3316397
3316397
2846711
2846711
3207455
3207455
3011708
3011708
3086343
3086343
2873166
2873166
2844939
2844939
2698623
2698623
3137148
3137148
3043741
3043741
2879213
2879213
2615646
2615646
2679570
2679570
2756466
2756466
2522818
2522818
2462825
2462825
3130451
3130451
3767733
3767733
3048573
3048573
2330232
2330232
2834884
2834884
3290056
3290056
2366297
2366297
3365170
3365170
3143015
3143015
2802778
2802778
3963959
3963959
3902994
3902994
3563546
3563546
2709826
2709826
3135865
3135865
3069250
3069250
3392825
3392825
3675479
3675479
3591433
3591433
3331066
3331066
3021402
3021402
4243840
4243840
3878540
3878540
3136513
3136513
3361436
3361436
2470774
2470774
3714873
3714873
2732968
2732968
3577182
3577182
4009505
4009505
4505556
4505556
4157515
4157515
2974822
2974822
3680666
3680666
2720800
2720800
2533800
2533800
2437023
2437023
2192308
2192308
2612894
2612894
2183140
2183140
2661557
2661557
2460121
2460121
2568470
2568470
2246700
2246700
2747574
2747574
2480455
2480455
2407226
2407226
2623678
2623678
2653935
2653935
2957044
2957044
2538453
2538453
2487713
2487713
2700843
2700843
2497609
2497609
2926312
2926312
23956
23956
2591750
2591750
2177245
2177245
2442106
2442106
2609390
2609390
2546897
2546897
2677584
2677584
2216207
2216207
2829016
2829016
2129638
2129638
2117681
2117681
1900766
1900766
2302181
2302181
2244405
2244405
2078341
2078341
2661353
2661353
2120984
2120984
2784199
2784199
3717641
3717641
2083486
2083486
1960941
1960941
2388478
2388478
2270431
2270431
2241208
2241208
2423562
2423562
2576276
2576276
2918233
2918233
2170778
2170778
2857097
2857097
2205959
2205959
2822219
2822219
2949612
2949612
2604220
2604220
2596313
2596313
2849473
2849473
2552667
2552667
3497686
3497686
2867462
2867462
2497093
2497093
2636155
2636155
2784803
2784803
2584331
2584331
3377905
3377905
3669762
3669762
2935837
2935837
3744185
3744185
2733942
2733942
2552530
2552530
3455431
3455431
3614399
3614399
3104661
3104661
3284514
3284514
2689480
2689480
2120194
2120194
2732998
2732998
2650512
2650512
2510018
2510018
3020684
3020684
2895225
2895225
2765261
2765261
2908119
2908119
2959902
2959902
2196779
2196779
2642433
2642433
2604955
2604955
2999696
2999696
2752456
2752456
2867497
2867497
3250455
3250455
2798451
2798451
2733773
2733773
2054019
2054019
2733913
2733913
2745440
2745440
2490387
2490387
2337825
2337825
2549769
2549769
2390763
2390763
3194253
3194253
3240506
3240506
3358562
3358562
2331805
2331805
3276632
3276632
2439827
2439827
2375196
2375196
3077463
3077463
2459688
2459688
2600670
2600670
2801905
2801905
2577588
2577588
2864078
2864078
2388690
2388690
2908148
2908148
2552938
2552938
2430633
2430633
2737086
2737086
2426658
2426658
2979841
2979841
2471813
2471813
2590841
2590841
2493043
2493043
3531253
3531253
2873941
2873941
3510176
3510176
3116567
3116567
3126731
3126731
3518059
3518059
2725794
2725794
3437915
3437915
3416570
3416570
4017651
4017651
3694746
3694746
4058056
4058056
3950813
3950813
3500279
3500279
3531146
3531146
2660928
2660928
2697335
2697335
2644038
2644038
2721275
2721275
2649376
2649376
2510488
2510488
2449563
2449563
2806213
2806213
3025299
3025299
3548245
3548245
2154925
2154925
3319736
3319736
3124489
3124489
2898517
2898517
3078086
3078086
3779920
3779920
3452654
3452654
2945955
2945955
2428772
2428772
2122447
2122447
2476055
2476055
2645770
2645770
2463049
2463049
2250907
2250907
2676672
2676672
2499708
2499708
2756205
2756205
2598770
2598770
2303230
2303230
2789460
2789460
2349810
2349810
2217124
2217124
2444425
2444425
2786351
2786351
2323656
2323656
2644625
2644625
2320370
2320370
2053395
2053395
2347382
2347382
1995090
1995090
2240902
2240902
2635724
2635724
3098398
3098398
2452833
2452833
2687266
2687266
2423213
2423213
2313992
2313992
2664353
2664353
2356810
2356810
2594783
2594783
2871518
2871518
2419629
2419629
2680253
2680253
2805012
2805012
2399281
2399281
3161692
3161692
2616285
2616285
2837736
2837736
3055326
3055326
2953346
2953346
2701527
2701527
2720351
2720351
2653110
2653110
3185198
3185198
2643160
2643160
3356547
3356547
2919433
2919433
2833550
2833550
2414396
2414396
3128168
3128168
2325919
2325919
1997944
1997944
2204817
2204817
2142649
2142649
2133725
2133725
2150220
2150220
2116741
2116741
2322219
2322219
2406471
2406471
2371133
2371133
2296208
2296208
2152755
2152755
2330618
2330618
2048459
2048459
2244812
2244812
4675772
4675772
2561115
2561115
3760016
3760016
3703998
3703998
2750371
2750371
3529445
3529445
4414755
4414755
2997620
2997620
4518788
4518788
3929830
3929830
3271323
3271323
3971152
3971152
2667157
2667157
4228713
4228713
4467007
4467007
4473221
4473221
4212408
4212408
4325967
4325967
3281242
3281242
2927338
2927338
3251979
3251979
3284714
3284714
2494549
2494549
3050991
3050991
4088290
4088290
3429722
3429722
3423397
3423397
3154248
3154248
2472174
2472174
3275789
3275789
3054480
3054480
3087351
3087351
3394153
3394153
2734840
2734840
3027525
3027525
3101583
3101583
3596866
3596866
2691298
2691298
3353563
3353563
2833308
2833308
3221338
3221338
3252757
3252757
2726692
2726692
3381530
3381530
2795797
2795797
2863277
2863277
2432346
2432346
3135331
3135331
3046544
3046544
3857857
3857857
3227644
3227644
2396461
2396461
2506251
2506251
2455671
2455671
2405730
2405730
2749496
2749496
2474740
2474740
2738268
2738268
2690908
2690908
2680960
2680960
2690516
2690516
2589649
2589649
2283387
2283387
2166285
2166285
2774432
2774432
2417205
2417205
2262440
2262440
1857125
1857125
2311491
2311491
1803290
1803290
2182689
2182689
2789076
2789076
1915056
1915056
1741413
1741413
1860405
1860405
1899358
1899358
1795552
1795552
2033003
2033003
1991156
1991156
2165594
2165594
2558266
2558266
2526515
2526515
2050159
2050159
2380193
2380193
1954183
1954183
2395678
2395678
2317813
2317813
2464679
2464679
2038878
2038878
2088852
2088852
2313348
2313348
1686979
1686979
2331635
2331635
2066997
2066997
2170122
2170122
2061954
2061954
2954598
2954598
2210108
2210108
2489890
2489890
2477006
2477006
1837828
1837828
2481581
2481581
2247333
2247333
2152204
2152204
2784443
2784443
2089976
2089976
2038498
2038498
2337814
2337814
2398492
2398492
2004443
2004443
2668460
2668460
2418813
2418813
2530514
2530514
2640893
2640893
2758562
2758562
2710576
2710576
2229525
2229525
2329206
2329206
1953550
1953550
2639045
2639045
2617492
2617492
2240716
2240716
2207187
2207187
2318562
2318562
2387580
2387580
2499652
2499652
2362572
2362572
2063103
2063103
2555153
2555153
2501156
2501156
2435539
2435539
2145100
2145100
2131793
2131793
2024984
2024984
2298887
2298887
2263170
2263170
2198865
2198865
2440998
2440998
2570533
2570533
2452652
2452652
2326142
2326142
2272501
2272501
2275816
2275816
2120865
2120865
2207677
2207677
2253521
2253521
2459564
2459564
2816371
2816371
2618303
2618303
2130002
2130002
2450164
2450164
2575626
2575626
121571
121571
2427558
2427558
2519372
2519372
3369854
3369854
2895835
2895835
3008345
3008345
2828621
2828621
2630571
2630571
2787307
2787307
2657966
2657966
3014313
3014313
3206652
3206652
1727089
1727089
2842618
2842618
2825365
2825365
3160571
3160571
2689840
2689840
2108824
2108824
3230903
3230903
2825249
2825249
3555920
3555920
3694848
3694848
3369750
3369750
2939220
2939220
3291924
3291924
2646515
2646515
3144440
3144440
2989165
2989165
3643033
3643033
3201205
3201205
2267458
2267458
2264074
2264074
2209539
2209539
2533472
2533472
2698659
2698659
2810823
2810823
2521460
2521460
2477446
2477446
2413234
2413234
2520675
2520675
2175215
2175215
2599105
2599105
2597663
2597663
2613359
2613359
2291601
2291601
2394066
2394066
2454294
2454294
2705481
2705481
2497572
2497572
3223873
3223873
3003366
3003366
4073773
4073773
2478536
2478536
2955855
2955855
2446108
2446108
2798681
2798681
2330103
2330103
2490056
2490056
2313049
2313049
2417683
2417683
2576823
2576823
2075320
2075320
2741481
2741481
2336087
2336087
2404542
2404542
2798847
2798847
2730199
2730199
2209278
2209278
2447590
2447590
2957584
2957584
2446946
2446946
3025234
3025234
2972285
2972285
3236370
3236370
2550767
2550767
3469034
3469034
3619497
3619497
2499532
2499532
1937830
1937830
2506596
2506596
2433991
2433991
2365593
2365593
2443552
2443552
2801623
2801623
2465449
2465449
2767137
2767137
2683318
2683318
2411398
2411398
2632568
2632568
2416956
2416956
2588989
2588989
2502558
2502558
2724340
2724340
2681028
2681028
2686043
2686043
2899410
2899410
2316616
2316616
2637017
2637017
2941385
2941385
2435632
2435632
3100666
3100666
2114626
2114626
2209607
2209607
2484887
2484887
2364873
2364873
2683625
2683625
2709526
2709526
2549790
2549790
2880489
2880489
2731634
2731634
2546521
2546521
2744082
2744082
2965338
2965338
3016260
3016260
3160929
3160929
3133080
3133080
2855136
2855136
2439924
2439924
2434042
2434042
2587955
2587955
3014790
3014790
3161565
3161565
2731443
2731443
2452492
2452492
2288194
2288194
2820004
2820004
2871152
2871152
2449294
2449294
2343697
2343697
2401611
2401611
2439988
2439988
2323465
2323465
2376198
2376198
2589859
2589859
2410763
2410763
2162834
2162834
2338488
2338488
3731726
3731726
2747601
2747601
2872501
2872501
2391950
2391950
2950225
2950225
2921964
2921964
2988607
2988607
2493667
2493667
2555640
2555640
2953385
2953385
2695323
2695323
3568378
3568378
2886233
2886233
3367360
3367360
2452560
2452560
2829786
2829786
3266759
3266759
3800216
3800216
3501192
3501192
2807161
2807161
3562662
3562662
4222785
4222785
3054350
3054350
3813527
3813527
3027787
3027787
2788849
2788849
3058805
3058805
2191432
2191432
2956029
2956029
3072208
3072208
2684366
2684366
2834000
2834000
3245640
3245640
3109176
3109176
2372068
2372068
2882404
2882404
2794833
2794833
3249388
3249388
2651258
2651258
2805059
2805059
3067582
3067582
2786504
2786504
3655542
3655542
2672389
2672389
2495635
2495635
2822600
2822600
2718005
2718005
2840467
2840467
2713557
2713557
2543189
2543189
2920042
2920042
2425962
2425962
2260778
2260778
3420498
3420498
3109315
3109315
2558374
2558374
2756843
2756843
2762682
2762682
2946395
2946395
2905927
2905927
2617912
2617912
2666538
2666538
2855281
2855281
2765969
2765969
3470498
3470498
2818437
2818437
2442343
2442343
2561037
2561037
2676886
2676886
2602248
2602248
2742308
2742308
2740071
2740071
2938038
2938038
2925094
2925094
2513971
2513971
2986331
2986331
2536172
2536172
3160247
3160247
2946501
2946501
3074219
3074219
2796577
2796577
2961013
2961013
2796526
2796526
3147817
3147817
2726445
2726445
3006202
3006202
3287960
3287960
2627592
2627592
2811487
2811487
1996020
1996020
2932376
2932376
2840559
2840559
2604513
2604513
2142328
2142328
2938271
2938271
2977308
2977308
2732475
2732475
3911193
3911193
2576901
2576901
3743750
3743750
3631729
3631729
3230872
3230872
2306505
2306505
3542733
3542733
3027948
3027948
3141903
3141903
2633098
2633098
2733915
2733915
2770632
2770632
2722910
2722910
2759670
2759670
2361766
2361766
2441152
2441152
3591688
3591688
3448920
3448920
2457424
2457424
2458818
2458818
3261832
3261832
3387862
3387862
2863956
2863956
3195933
3195933
3126545
3126545
2625132
2625132
2379750
2379750
2383527
2383527
2663362
2663362
2469085
2469085
2741022
2741022
2498122
2498122
2410772
2410772
2592263
2592263
2580768
2580768
2589224
2589224
2698723
2698723
2686177
2686177
2649683
2649683
2317815
2317815
2408999
2408999
2606263
2606263
2536644
2536644
2389348
2389348
2283695
2283695
2458031
2458031
2439462
2439462
2492740
2492740
2287527
2287527
2315443
2315443
2990656
2990656
2765675
2765675
2828771
2828771
2597692
2597692
2588670
2588670
2687210
2687210
2596112
2596112
2369175
2369175
2367418
2367418
2767011
2767011
2707448
2707448
2821324
2821324
3087900
3087900
2882342
2882342
2916278
2916278
2542241
2542241
2557498
2557498
2431420
2431420
2478781
2478781
2460108
2460108
2791905
2791905
2675625
2675625
2067386
2067386
2718319
2718319
2356240
2356240
2365457
2365457
2673259
2673259
2259898
2259898
2177470
2177470
2552225
2552225
2526582
2526582
2763788
2763788
2257663
2257663
2735614
2735614
2218322
2218322
2269108
2269108
2280443
2280443
2654375
2654375
4390751
4390751
3071986
3071986
3938176
3938176
3516334
3516334
2923912
2923912
2813474
2813474
2216877
2216877
2547410
2547410
2518377
2518377
3294793
3294793
3800018
3800018
3097560
3097560
2656723
2656723
2892196
2892196
2766717
2766717
2221408
2221408
2784675
2784675
3550045
3550045
2555199
2555199
2974614
2974614
2856304
2856304
3085071
3085071
3028402
3028402
3123015
3123015
2861273
2861273
3467623
3467623
3158245
3158245
3249880
3249880
2510742
2510742
3527843
3527843
2138984
2138984
2535230
2535230
2586225
2586225
